City,AQI,PM2.5/1h,PM10/h,CO/1h,NO2/1h,O3/1h,O3/8h,SO2/1h
阿坝州,37,15,23,1.03,21,58,73,6
阿克苏地区,82,55,111,0.75,25,83,39,11
阿拉善盟,41,20,24,0.3,10,76,81,9
阿勒泰地区,32,12,31,0.6,41,17,32,7
阿里地区,26,5,25,0.5,2,68,47,6
安康,66,47,61,0.77,34,30,36,5
安庆,49,34,31,0.54,27,48,47,4
鞍山,53,31,54,0.9,32,40,37,20
安顺,65,46,52,0.8,23,27,25,26
安阳,114,85,98,1.06,54,24,33,15
白城,60,39,67,0.8,33,21,43,11
百色,55,22,58,1.05,26,39,45,20
白山,67,45,81,2.35,67,9,27,55
白银,43,29,42,0.7,28,63,64,11
保定,56,39,38,0.37,37,30,33,9
宝鸡,57,38,61,0.57,52,43,56,8
保山,39,21,29,0.3,7,93,76,5
包头,117,88,103,1.23,59,26,43,19
巴彦淖尔,36,22,35,0.7,25,49,52,10
巴中,49,34,44,0.55,21,29,26,3
北海,88,65,114,1.0,21,38,43,8
北京,27,6,20,0.32,18,44,52,2
蚌埠,76,55,85,0.62,59,18,29,14
本溪,122,92,125,1.63,79,9,22,29
毕节,89,66,77,0.8,27,24,32,18
滨州,31,15,30,0.53,41,28,36,13
博州,30,21,27,0.3,22,48,45,6
亳州,82,60,109,0.8,30,45,52,8
沧州,43,19,42,0.67,48,19,44,7
长春,104,77,66,0.9,53,26,39,19
常德,80,58,58,0.76,20,72,64,4
昌都,39,18,38,0.8,2,58,71,3
昌都地区,29,6,12,0.7,11,86,57,8
昌吉州,59,37,65,0.77,16,46,41,9
长沙,91,67,15,1.0,33,20,24,3
常熟,76,55,72,0.77,41,28,37,10
长治,50,30,49,0.72,37,53,58,10
常州,54,37,54,0.77,45,56,44,11
朝阳,71,51,41,1.25,42,29,53,30
潮州,35,14,34,1.27,25,30,41,7
承德,30,14,19,0.48,23,48,59,8
成都,72,52,84,0.67,36,40,41,6
郴州,20,10,19,0.93,26,12,15,4
赤峰,29,6,21,0.57,20,52,56,10
池州,55,38,52,0.66,45,49,35,7
重庆,42,27,41,0.83,45,13,19,6
崇左,50,25,49,0.9,18,34,28,6
楚雄州,33,13,22,0.55,9,71,64,7
滁州,71,51,72,0.68,52,51,49,8
大连,58,40,57,0.53,33,39,45,17
大理州,38,19,24,0.75,6,85,75,6
丹东,45,31,38,0.78,38,32,46,25
大庆,57,39,61,0.8,45,24,40,16
大同,29,8,22,0.8,33,38,56,16
大兴安岭地,0,0,0,0.0,0,0,0,0
大兴安岭地区,66,40,80,0.8,37,24,33,49
达州,64,45,68,0.78,37,24,28,10
德宏州,43,13,42,0.45,19,60,45,18
德阳,65,46,49,0.65,19,52,45,2
德州,44,10,43,0.47,31,39,40,10
定西,56,26,59,0.65,25,50,46,12
迪庆州,41,16,0,0.65,12,82,80,5
东莞,74,53,79,1.27,43,14,13,9
东营,45,23,44,0.75,49,24,36,9
鄂尔多斯,34,9,17,0.82,30,54,67,21
恩施州,53,36,50,0.6,0,19,29,3
鄂州,52,32,51,0.9,44,21,25,11
防城港,60,36,67,0.83,22,40,36,5
佛山,57,26,61,1.31,44,8,13,9
抚顺,124,93,118,1.12,70,17,36,23
阜新,59,41,25,0.68,31,38,58,22
阜阳,74,53,80,0.7,63,17,35,2
富阳,28,12,27,0.5,37,35,44,3
福州,20,9,19,0.67,27,32,28,3
抚州,24,16,23,0.68,21,24,27,4
甘南州,33,6,26,0.9,22,79,64,6
赣州,22,8,21,1.26,25,20,17,4
甘孜藏族自治州,51,19,50,0.4,9,47,41,5
甘孜州,32,18,31,0.55,44,20,29,6
广安,41,26,40,0.62,31,11,17,3
广元,54,34,55,0.53,36,20,26,7
广州,51,27,50,1.42,44,7,13,8
贵港,54,37,56,1.02,28,29,28,7
桂林,25,13,22,0.95,16,51,48,6
贵阳,58,40,62,0.8,27,38,37,15
果洛州,56,14,23,1.9,11,120,105,22
固原,44,24,43,0.73,35,51,68,8
哈尔滨,215,164,161,1.37,73,28,37,37
海北州,46,5,27,0.3,6,96,90,9
海东地区,30,0,0,0.9,0,48,58,0
海口,40,21,39,0.62,9,83,70,3
海门,56,32,60,0.6,19,33,42,6
海南州,48,10,30,0.4,5,102,95,7
海西州,47,15,38,0.7,34,86,92,14
哈密地区,72,52,81,0.8,25,53,44,6
邯郸,115,86,129,1.43,71,7,22,16
杭州,36,21,35,0.66,48,15,22,6
汉中,76,55,73,1.05,35,25,24,8
鹤壁,117,88,120,1.13,72,10,32,16
河池,39,27,37,0.8,17,50,54,8
合肥,54,27,55,0.52,59,14,27,4
鹤岗,75,54,97,1.1,52,17,33,20
黑河,48,33,39,1.05,39,14,31,40
衡水,52,32,51,0.43,39,31,34,7
衡阳,75,54,56,0.98,28,26,18,8
和田地区,97,37,142,0.8,22,58,49,9
河源,35,17,34,1.57,32,20,25,9
菏泽,130,98,159,1.1,65,10,31,13
贺州,26,15,25,1.1,23,19,23,7
红河州,37,24,35,0.4,11,69,72,8
淮安,81,59,77,0.72,48,33,49,11
淮北,59,41,56,0.47,52,34,51,6
怀化,46,32,42,0.85,13,52,54,27
淮南,72,52,70,0.48,48,24,31,12
黄冈,55,26,58,0.8,39,27,32,6
黄南州,36,14,30,0.4,16,88,71,14
黄山,39,27,35,0.6,12,20,22,5
黄石,54,35,55,0.95,41,25,22,10
呼和浩特,67,48,70,1.21,53,26,44,14
惠州,63,39,74,1.22,32,28,37,8
葫芦岛,58,40,57,1.0,47,27,52,53
呼伦贝尔,28,19,26,0.45,17,34,44,6
湖州,72,52,72,0.83,58,41,47,12
佳木斯,78,57,62,0.8,41,33,49,17
吉安,32,13,31,0.87,22,40,29,8
江门,63,31,74,1.3,56,6,11,10
江阴,55,38,51,0.57,34,53,56,10
胶南,81,46,110,1.1,62,19,39,11
胶州,122,92,134,1.7,68,29,44,32
焦作,93,69,103,0.95,55,53,61,12
嘉兴,60,42,52,0.9,67,6,23,7
嘉峪关,45,21,44,0.55,21,74,72,13
揭阳,70,50,80,1.38,37,23,51,14
吉林,78,57,65,0.89,41,46,57,21
即墨,121,91,127,1.3,64,17,32,17
济南,144,110,151,1.1,63,18,33,15
金昌,35,10,21,0.53,14,73,69,9
晋城,69,32,86,1.02,51,41,59,31
景德镇,12,6,11,0.6,21,5,9,4
荆门,77,56,78,0.98,56,40,53,9
荆州,59,41,59,1.0,70,32,53,10
金华,28,13,25,0.6,54,5,27,4
济宁,170,128,137,1.17,54,24,32,10
金坛,49,33,48,0.9,45,20,31,10
晋中,54,35,56,0.7,48,36,39,19
锦州,50,35,37,0.78,39,33,58,30
九江,33,23,30,0.34,15,48,52,5
酒泉,47,31,46,0.55,19,76,69,7
鸡西,35,24,32,1.07,39,32,48,7
句容,58,36,63,0.65,46,19,35,6
开封,136,103,120,0.94,50,48,50,11
喀什地区,150,115,160,1.15,43,69,47,18
克拉玛依,44,28,43,0.64,20,47,44,3
克州,80,37,108,1.1,28,82,51,11
库尔勒,84,61,116,0.8,22,79,52,4
昆明,35,13,34,0.63,17,66,65,9
昆山,56,39,47,1.0,45,34,39,8
来宾,30,13,29,0.85,26,36,36,7
莱芜,88,65,99,0.67,18,89,77,10
莱西,125,94,125,1.5,74,14,40,22
莱州,80,58,86,1.0,50,27,38,19
廊坊,27,14,24,0.35,33,33,53,4
兰州,63,36,73,1.0,53,61,61,18
拉萨,52,27,52,0.7,35,66,72,4
乐山,56,39,55,0.54,24,70,55,7
凉山州,47,27,46,0.76,37,63,60,15
连云港,78,57,74,0.98,48,24,42,19
聊城,142,108,157,1.2,60,24,33,10
辽阳,56,39,46,0.75,30,34,28,12
辽源,38,25,37,0.95,31,42,49,15
丽江,41,8,26,0.53,12,78,80,6
临安,40,28,36,0.9,47,14,24,2
临沧,37,12,20,0.6,8,83,73,10
临汾,76,55,84,1.18,55,41,48,24
临夏州,74,53,79,0.4,20,84,70,15
临沂,82,60,97,0.9,55,25,44,19
林芝,37,5,16,0.55,8,80,73,8
林芝地区,18,4,16,0.35,6,51,35,3
丽水,19,4,14,0.67,36,17,23,3
六盘水,58,40,51,0.92,13,21,27,8
柳州,37,22,36,1.16,25,35,39,8
溧阳,43,25,42,0.5,32,22,33,4
陇南,52,35,52,0.6,16,40,42,13
龙岩,33,11,32,1.23,42,7,18,6
娄底,60,42,68,0.75,22,55,48,2
六安,35,15,34,0.55,22,52,51,4
漯河,122,92,101,0.8,59,17,39,7
洛阳,106,79,118,0.88,61,35,39,11
泸州,42,22,41,0.6,24,40,33,5
吕梁,40,21,39,0.5,23,57,49,12
马鞍山,54,35,56,0.8,55,13,23,9
茂名,115,86,111,1.15,22,50,59,12
眉山,54,37,51,0.65,38,34,51,7
梅州,24,11,23,1.37,38,10,24,7
绵阳,34,23,33,0.48,25,39,50,4
牡丹江,115,86,121,1.28,66,17,38,22
南昌,26,18,25,0.54,27,31,37,2
南充,38,26,33,0.65,24,28,30,2
南京,46,27,45,0.99,50,30,43,5
南宁,55,30,58,0.98,30,34,35,9
南平,15,3,5,1.18,29,4,9,3
南通,69,49,52,0.48,32,40,55,7
南阳,89,66,91,1.02,42,50,41,7
那曲地区,29,17,20,0.67,7,58,56,3
内江,40,28,32,0.77,19,33,41,4
宁波,24,11,22,0.73,46,25,22,5
宁德,32,17,31,0.85,28,31,33,7
怒江州,80,32,107,0.95,42,36,54,8
盘锦,39,27,20,0.67,38,35,54,17
攀枝花,57,32,61,1.1,56,51,50,28
蓬莱,0,0,0,0.0,0,0,0,0
平顶山,104,77,101,1.0,45,36,42,13
平度,119,89,130,1.65,90,6,34,22
平凉,44,22,43,0.55,50,47,62,8
萍乡,49,34,46,2.54,38,6,13,10
普洱,34,11,21,0.4,12,66,67,3
莆田,37,11,36,0.42,32,23,29,6
濮阳,127,96,108,1.15,59,27,34,14
黔东南州,54,37,42,0.7,28,47,56,7
黔南州,46,32,40,0.7,0,46,57,35
黔西南州,46,32,41,0.65,15,37,26,6
青岛,92,68,101,1.21,65,19,32,12
庆阳,43,25,42,0.8,21,66,75,12
清远,36,18,35,1.13,37,13,18,8
秦皇岛,44,22,43,0.82,31,40,56,15
钦州,52,32,51,1.07,28,32,31,11
齐齐哈尔,36,18,35,0.8,48,18,41,33
七台河,87,64,91,1.13,74,22,39,8
泉州,47,18,46,0.23,39,28,40,5
曲靖,42,17,41,0.8,12,94,77,4
衢州,18,10,17,0.53,35,18,18,3
日喀则,32,4,6,0.65,2,72,63,2
日喀则地区,29,6,27,0.35,2,68,56,5
日照,72,52,83,0.8,69,17,39,12
荣成,66,47,62,0.95,38,50,61,9
乳山,66,28,79,1.3,41,39,59,11
三门峡,94,70,80,0.75,68,14,26,12
三明,16,9,15,1.45,30,3,5,8
三沙,30,7,20,0.3,30,51,58,6
三亚,31,7,30,0.35,6,42,44,3
上海,61,43,47,0.71,48,33,31,6
商洛,35,22,34,0.7,41,51,56,7
商丘,252,201,220,1.51,55,15,26,7
上饶,20,14,18,0.7,28,5,6,7
山南,34,6,23,0.55,11,72,66,2
山南地区,40,5,21,0.45,6,65,79,4
汕头,47,23,43,0.82,24,78,92,7
汕尾,44,25,39,0.93,22,95,86,8
韶关,16,6,14,1.24,30,5,9,8
绍兴,66,27,80,0.64,56,28,27,6
邵阳,60,42,38,0.88,18,46,50,7
沈阳,88,65,69,0.86,57,19,28,19
深圳,94,70,106,0.97,44,29,35,6
石河子,104,77,77,1.0,24,34,31,8
石家庄,75,54,83,0.89,61,14,28,10
十堰,45,31,41,0.55,40,36,48,5
石嘴山,75,54,77,1.0,37,46,54,21
寿光,104,77,116,1.1,55,10,20,26
双鸭山,71,51,73,0.78,27,48,47,19
朔州,26,10,25,0.76,23,51,48,15
四平,86,63,88,0.8,41,37,47,8
松原,56,39,57,0.95,43,20,39,7
绥化,256,205,226,1.4,60,34,38,20
遂宁,32,22,29,0.7,29,14,20,9
随州,80,58,84,1.13,52,26,30,5
宿迁,89,66,79,0.8,49,27,38,8
苏州,57,37,62,0.81,62,17,32,3
宿州,70,50,71,0.37,49,41,55,4
塔城地区,31,7,24,0.9,11,0,61,4
泰安,181,136,158,1.2,70,6,23,12
太仓,55,37,58,0.55,40,34,36,9
太原,56,33,59,0.77,43,44,59,16
台州,17,5,16,0.43,31,20,26,3
泰州,59,41,56,0.53,25,43,57,5
唐山,32,17,31,0.62,40,27,44,11
天津,54,31,56,0.72,36,70,58,14
天水,52,28,52,0.6,37,36,48,12
铁岭,96,71,51,0.7,39,42,44,15
铜川,98,73,91,1.02,73,27,48,16
通化,96,71,105,1.6,60,6,16,29
通辽,52,22,52,0.77,44,26,49,14
铜陵,65,46,63,0.78,50,17,25,8
铜仁地区,36,25,31,0.8,14,60,66,1
吐鲁番地区,121,91,141,1.95,44,41,39,11
瓦房店,0,0,0,0.0,0,0,0,0
潍坊,127,96,128,1.04,66,12,27,15
威海,64,45,63,0.9,30,41,54,8
渭南,74,51,95,1.08,72,24,48,16
文登,58,30,63,0.9,37,36,51,8
文山州,42,23,41,0.55,13,62,60,5
温州,18,6,12,0.73,35,4,11,7
乌海,32,11,19,0.53,28,53,62,7
武汉,51,35,50,1.21,61,18,33,10
芜湖,64,45,49,0.85,53,19,26,6
吴江,60,36,68,1.03,50,16,31,8
五家渠,58,40,61,0.7,18,41,28,8
乌兰察布,30,6,14,0.4,32,40,59,21
乌鲁木齐,85,62,68,1.17,38,29,26,5
武威,38,25,35,0.55,22,80,74,16
无锡,61,41,70,0.79,64,13,27,7
吴忠,51,33,50,0.7,38,44,50,18
梧州,37,19,36,1.33,18,29,29,8
厦门,45,24,44,0.63,30,48,63,5
西安,87,64,98,0.66,67,25,28,13
湘潭,97,72,74,0.81,40,23,28,4
湘西州,29,20,26,0.57,16,44,38,5
襄阳,97,72,87,0.8,57,28,30,8
咸宁,43,30,31,1.0,17,41,26,7
咸阳,97,72,105,0.84,75,17,26,11
孝感,56,34,60,1.0,40,28,57,5
锡林郭勒盟,27,2,21,0.3,2,53,52,20
兴安盟,32,22,31,0.47,23,37,52,73
邢台,109,81,114,1.0,68,11,22,14
西宁,87,64,85,1.93,70,41,55,21
新乡,121,91,134,1.53,77,10,21,18
信阳,75,54,78,0.8,45,42,46,7
新余,32,13,31,0.7,27,31,29,14
忻州,30,8,27,0.5,26,52,58,13
西双版纳州,39,21,37,0.7,22,76,77,5
宣城,55,38,0,0.63,28,36,42,4
许昌,136,103,106,1.23,54,27,37,11
徐州,70,50,76,0.8,52,29,42,8
雅安,85,62,78,0.55,32,35,34,10
延安,65,46,49,1.27,66,31,50,10
延边州,44,23,43,0.47,19,51,60,14
盐城,71,51,61,0.62,37,46,61,8
阳江,120,90,113,1.33,37,23,51,7
阳泉,30,21,29,0.73,43,33,52,10
扬州,66,39,79,0.68,44,42,51,7
烟台,91,67,93,0.98,53,32,49,21
宜宾,37,24,36,0.58,27,48,41,4
宜昌,87,64,89,0.73,40,55,44,8
宜春,39,22,38,1.03,32,17,19,9
伊春,61,43,22,1.0,29,25,34,9
伊犁哈萨克,0,0,0,0.0,0,0,0,0
伊犁哈萨克州,46,29,45,1.5,43,49,40,23
银川,59,37,66,0.89,40,46,56,28
营口,64,45,60,0.63,37,31,40,11
鹰潭,35,24,0,0.3,28,4,7,10
义乌,26,11,22,0.75,50,5,25,5
宜兴,46,32,27,0.7,38,25,30,7
益阳,104,77,87,1.12,22,42,41,3
永州,24,16,23,0.7,24,28,32,4
岳阳,53,36,46,0.94,33,35,39,8
玉林,67,47,82,1.03,28,26,33,11
榆林,47,22,46,0.96,45,39,43,19
运城,121,91,119,1.9,51,50,42,29
云浮,52,32,52,1.17,28,24,19,7
玉树州,30,2,15,0.4,5,68,59,5
玉溪,34,12,33,0.47,10,73,60,4
枣庄,80,58,77,0.92,48,31,48,14
张家港,78,57,60,0.7,48,24,41,6
张家界,56,39,48,0.57,24,45,54,3
张家口,30,10,18,0.53,23,45,58,11
章丘,122,92,146,1.35,65,18,24,21
张掖,34,13,28,0.5,28,69,66,16
漳州,59,28,65,0.58,43,41,50,10
湛江,49,26,48,0.63,10,92,72,5
肇庆,53,27,53,1.27,28,27,31,6
昭通,83,39,113,0.85,35,58,60,15
招远,0,0,0,0.0,0,0,0,0
郑州,105,78,87,0.91,71,34,51,12
镇江,56,39,54,0.83,53,22,38,7
中山,68,48,84,1.3,64,3,7,6
中卫,47,26,46,0.57,30,61,64,13
周口,119,89,102,0.93,35,42,49,6
舟山,27,6,13,0.47,22,56,52,5
珠海,104,77,121,1.2,64,18,30,3
诸暨,29,20,22,0.7,50,5,16,3
驻马店,114,85,108,0.97,44,23,32,11
株洲,83,61,71,0.99,39,21,18,5
淄博,89,66,111,0.78,60,16,28,16
自贡,45,31,39,0.6,26,35,49,6
资阳,46,32,39,0.54,20,49,48,4
遵义,24,12,18,0.67,22,39,46,14
